Running on: stoker. Values are in microseconds.
Test running using parameters "16 16 1 32 32 400" for 50 iterations:
David's Code
100
105
126
130
106
128
136
93
93
94
102
123
105
98
133
98
144
96
109
99
136
121
137
107
132
166
96
120
112
133
122
124
98
131
172
125
105
100
73
107
131
104
95
130
152
148
131
184
102
109
My Code with SSE
94
91
97
98
105
90
90
88
89
99
96
92
89
99
89
102
102
88
102
110
95
111
96
89
99
92
81
74
160
87
83
85
81
85
84
83
85
66
100
82
109
82
85
91
84
92
87
90
91
92
My Code with SSE and OpenMP Without if
57745
66090
56567
70669
75644
69316
67069
70406
68883
67639
88026
80337
71372
80974
72050
69305
63249
74508
80554
68038
75859
66362
75796
88694
69882
84830
68517
64965
63067
70651
84240
68080
60954
68151
79400
87568
83760
72494
87262
61142
82292
93483
86335
73121
75526
