Running on: stoker. Values are in microseconds.
Test running using parameters "16 16 1 32 32 1000" for 50 iterations:
David's Code
105
138
97
102
99
122
75
101
82
97
118
99
99
100
96
114
113
103
88
134
104
113
97
101
91
101
95
152
94
102
112
95
100
97
152
96
95
121
105
117
100
140
100
130
98
69
97
74
117
97
My Code with SSE
95
97
93
97
105
98
85
97
98
97
95
71
94
134
125
87
110
98
94
92
90
98
93
91
92
80
87
134
91
88
97
109
96
93
96
90
92
97
88
93
77
94
91
144
92
91
92
79
106
96
My Code with SSE and OpenMP Without if
92847
92152
93341
94923
82738
93012
102940
138063
69521
96153
82769
91962
131008
108145
95275
83708
92525
89253
68885
95696
96823
83782
106675
77438
77402
139214
92797
101918
76709
97064
88331
87211
82915
91403
96790
89446
80205
78190
84213
98103
88200
96905
109514
90800
85897
89179
79267
101610
