Running on: stoker. Values are in microseconds.
Test running using parameters "16 16 1 32 32 100" for 50 iterations:
David's Code
212
200
147
163
147
139
136
108
174
212
159
228
147
163
181
140
157
120
134
168
75
183
210
112
146
146
151
146
138
134
194
131
222
168
165
134
197
180
153
108
133
200
148
180
147
150
177
162
167
258
My Code with SSE
104
111
102
100
107
97
108
104
105
103
102
103
103
106
107
109
167
107
103
108
103
107
107
111
119
99
114
102
104
100
112
102
117
106
107
83
100
100
94
121
98
102
85
83
111
96
108
89
106
108
My Code with SSE and OpenMP Without if
65375
65575
69375
77055
60777
77041
76844
51089
63918
63861
63436
63997
57911
94934
70800
79975
85009
75629
73300
75153
81760
78262
73278
62353
60754
78338
72113
60772
89174
88527
76132
69654
88737
61175
64033
61538
77480
66375
77872
58678
74775
78284
90468
89756
64176
62627
86418
90352
