Running on: stoker. Values are in microseconds.
Test running using parameters "16 16 1 32 32 800" for 50 iterations:
David's Code
113
93
125
109
109
104
109
110
95
128
96
119
104
114
129
97
115
67
105
115
121
156
93
106
99
126
76
110
101
101
100
97
75
116
117
95
112
55
92
101
127
96
98
91
113
92
101
119
122
119
My Code with SSE
92
96
82
92
100
107
141
81
77
104
98
85
98
93
90
82
92
94
98
97
95
89
100
87
90
91
97
100
78
92
91
94
94
94
93
95
53
47
54
55
54
92
52
43
91
99
89
67
65
117
My Code with SSE and OpenMP Without if
62842
58022
64161
57277
59398
90751
69540
88322
61822
68066
73881
69496
84574
73193
76317
83118
69697
76386
68346
59073
91777
65163
89165
78627
84381
75899
74854
75448
87934
84031
85136
77686
88779
61606
77492
80106
85678
66880
68582
75973
74116
47126
63574
72307
76311
60174
88555
