Running on: stoker. Values are in microseconds.
Test running using parameters "16 16 1 32 32 50" for 50 iterations:
David's Code
192
207
165
205
157
173
217
181
173
220
196
199
185
226
174
202
174
209
192
216
181
204
242
237
202
193
159
159
171
163
209
176
215
180
177
226
265
125
224
223
236
203
190
203
195
245
167
178
235
113
My Code with SSE
106
156
107
109
110
185
117
94
109
115
135
125
120
137
119
113
153
155
112
110
140
106
127
216
165
112
121
102
114
120
114
121
116
120
155
114
131
123
115
121
110
119
112
116
118
157
123
123
104
127
My Code with SSE and OpenMP Without if
73077
74697
53119
71146
66178
74576
66246
83994
81607
81949
81787
97146
87531
87310
94766
84101
72387
74896
54451
81055
64338
80490
71862
74841
66187
65432
75230
81652
82639
77883
79592
59066
75023
62310
70044
55736
59254
97542
45762
72876
67486
73666
97339
54973
51688
58478
74527
76620
58116
