Running on: stoker. Values are in microseconds.
Test running using parameters "16 16 1 32 32 20" for 50 iterations:
David's Code
147
144
135
146
175
164
154
154
162
151
131
169
171
155
160
140
166
116
164
155
145
151
148
148
159
144
148
154
148
144
127
165
143
143
142
123
154
155
144
213
148
104
149
175
152
107
103
153
149
109
My Code with SSE
88
66
72
72
89
80
81
76
84
85
82
87
90
80
77
93
75
91
75
96
83
92
87
64
82
86
86
85
100
88
86
90
85
91
97
86
81
86
77
86
91
81
88
90
84
91
154
105
142
135
My Code with SSE and OpenMP Without if
90596
59565
59536
78852
69784
77620
47774
64294
62803
83720
61297
78196
66545
74980
74386
67898
68237
67483
64651
73233
80694
80263
72344
94945
93762
112849
78347
85892
75262
73713
74659
75977
68828
73365
78763
81915
77141
65341
77570
74558
73688
76662
68235
65652
67343
